00010000110000000000000000000010
00000000000000000000000000000000
00000000000000000000000000000000
00000000000000000000000000000000
00000000101000000010000000100000
00000000000000000000000000000000
00000000000000000000000000000000
00000000000000000000000000000000
00000000001000000011100000100000
00000000000000000000000000000000
00000000000000000000000000000000
00000000000000000000000000000000
00100000001000010000000000000100
00000000000000000000000000000000
00000000000000000000000000000000
00000000000000000000000000000000
00001000000000000000000000000101
00000000000000000000000000000000
00000000000000000000000000000000
00000000000000000000000000000000
10101100000001000000011111010000
00000000000000000000000000000000
00000000000000000000000000000000
00000000000000000000000000000000
10101100000001110000011111010100